250
2546
1 -0.47 8.32
2 0.94 -3.68
3 -4.61 -6.28
4 0.0 -6.74
5 -2.49 3.09
6 1.52 0.81
7 -7.52 2.62
8 -2.19 -2.63
9 -4.19 4.75
10 2.88 4.02
11 -1.72 -1.55
12 3.7 12.35
13 7.8 -7.81
14 -6.68 1.44
15 -5.07 0.0
16 -2.03 -0.47
17 1.71 2.87
18 -2.18 3.88
19 2.13 2.26
20 0.47 1.64
21 -0.38 -13.89
22 0.0 -5.02
23 0.79 -9.03
24 -0.84 -1.95
25 3.27 0.0
26 -2.12 12.95
27 -0.11 3.34
28 -1.99 5.16
29 -6.06 -2.62
30 3.88 -2.0
31 2.69 -4.46
32 7.14 -0.66
33 0.64 -6.73
34 -2.46 -5.65
35 0.98 -5.59
36 -0.91 11.34
37 0.0 3.66
38 -2.44 1.26
39 3.82 4.57
40 1.87 2.96
41 1.75 2.41
42 4.12 -0.65
43 0.0 1.26
44 1.0 0.97
45 1.24 -11.78
46 -8.05 -1.83
47 -0.72 -12.5
48 6.57 -2.32
49 0.67 -2.66
50 -4.59 -1.46
51 -0.48 1.74
52 -2.07 5.45
53 -0.66 10.63
54 6.34 4.97
55 1.4 4.35
56 -1.79 -3.26
57 0.46 0.25
58 -3.88 -0.41
59 3.83 -2.76
60 3.0 1.88
61 0.07 -2.09
62 -1.31 7.9
63 5.46 3.05
64 0.0 5.49
65 2.31 3.49
66 6.95 -3.99
67 1.98 4.98
68 3.17 10.05
69 -3.11 -9.82
70 -1.44 2.83
71 1.47 0.91
72 -3.24 -0.24
73 0.67 -11.51
74 -2.87 -8.59
75 -0.55 0.32
76 -2.67 1.77
77 -4.93 -2.36
78 4.44 5.05
79 0.53 -3.4
80 0.7 0.47
81 -8.78 0.81
82 -0.02 1.05
83 0.44 0.83
84 -8.26 -2.07
85 3.8 10.87
86 6.42 -0.33
87 2.92 9.26
88 -0.39 1.17
89 -3.51 -12.29
90 1.67 12.61
91 3.75 -1.32
92 0.75 3.26
93 -5.86 8.25
94 -3.18 -2.88
95 1.36 0.06
96 -2.31 6.38
97 6.02 -0.56
98 -0.81 5.01
99 6.26 2.53
100 0.04 3.16
101 0.23 -0.25
102 -1.97 0.61
103 2.71 0.24
104 2.78 -2.15
105 -0.29 -2.69
106 8.28 -1.9
107 3.14 -9.66
108 6.9 -0.75
109 -4.43 -3.45
110 2.92 0.74
111 -9.12 0.68
112 0.2 0.61
113 0.0 -3.35
114 -4.18 0.32
115 2.0 4.18
116 -0.51 9.06
117 1.02 1.08
118 1.81 8.98
119 4.57 -0.65
120 5.08 2.62
121 -0.36 12.3
122 -1.22 -0.65
123 -1.33 -8.76
124 1.93 5.67
125 -4.01 -4.36
126 4.48 -2.86
127 1.62 0.12
128 0.0 2.54
129 5.87 6.57
130 -7.5 -0.32
131 -7.16 10.57
132 -1.55 7.16
133 0.75 1.46
134 -0.77 -1.58
135 -4.41 1.39
136 2.15 2.15
137 0.0 -1.98
138 -2.16 -5.16
139 4.63 9.64
140 4.7 -2.05
141 -5.49 5.82
142 -0.4 0.63
143 4.01 -8.21
144 0.15 -0.42
145 -3.52 -2.83
146 3.95 9.78
147 -0.58 -5.54
148 -1.38 9.58
149 0.34 -3.64
150 2.16 0.6
151 0.38 3.88
152 3.38 -2.86
153 -5.55 -5.09
154 0.28 -1.68
155 -0.06 -2.04
156 -0.64 3.15
157 2.42 0.52
158 -0.95 -1.94
159 0.84 -0.36
160 5.3 0.87
161 2.86 -14.75
162 5.52 -0.19
163 1.33 -9.05
164 3.18 -1.03
165 0.31 2.86
166 0.93 -4.96
167 3.08 0.98
168 1.34 4.59
169 -2.11 0.36
170 -4.29 -4.2
171 0.4 7.11
172 -6.75 -4.87
173 1.25 -1.77
174 -0.73 -2.69
175 3.39 -9.11
176 -0.64 -5.27
177 -1.84 -9.16
178 2.5 1.35
179 1.38 -4.53
180 -6.25 -0.86
181 -4.98 -1.54
182 1.45 6.22
183 -4.32 -6.95
184 -0.32 4.26
185 0.39 -7.07
186 -1.19 0.61
187 -2.52 3.42
188 -0.56 -1.34
189 6.18 -1.36
190 -8.12 -1.8
191 5.98 6.9
192 0.0 -6.31
193 -4.86 1.69
194 7.8 1.3
195 -4.77 -8.29
196 -0.92 1.47
197 0.03 11.33
198 -4.8 0.53
199 -2.97 0.69
200 4.73 -4.84
201 -2.73 0.51
202 0.91 3.78
203 -1.21 -0.11
204 9.16 0.06
205 2.24 0.01
206 0.0 1.5
207 0.99 -2.86
208 0.15 3.05
209 -8.66 -3.49
210 -0.18 3.34
211 -5.84 0.0
212 -7.14 -3.19
213 0.54 3.75
214 0.52 0.3
215 2.23 -1.74
216 -2.68 -14.17
217 -0.7 -5.16
218 0.71 -8.45
219 1.03 2.44
220 -8.39 -8.48
221 2.01 -5.49
222 0.56 0.04
223 -0.5 -1.64
224 5.8 -2.18
225 3.8 6.0
226 8.87 11.74
227 -3.57 0.0
228 2.68 -7.44
229 0.89 0.96
230 -2.61 0.94
231 -0.93 -3.65
232 6.65 14.37
233 -0.29 -5.83
234 2.52 6.7
235 5.66 1.52
236 3.03 11.8
237 -1.36 1.66
238 3.78 2.43
239 -1.09 -6.09
240 2.84 3.45
241 0.0 0.0
242 1.41 -3.72
243 5.02 -8.09
244 0.75 -0.22
245 2.28 1.9
246 1.18 -9.64
247 3.79 4.12
248 -1.75 0.0
249 1.1 -1.1
250 -2.39 0.34
15 147 7.79
77 37 8.1
4 11 5.79
171 4 14.02
74 20 10.88
164 65 5.09
35 2 2.37
235 89 17.13
181 250 3.48
106 250 11.9
4 130 10.58
81 128 9.08
124 159 6.45
4 8 5.45
229 212 9.42
169 46 6.6
113 172 7.87
64 45 17.56
221 203 6.92
199 244 4.74
141 159 9.57
249 136 4.39
9 37 5.24
238 132 7.23
197 14 12.26
120 114 10.41
167 14 10.51
1 203 8.78
26 132 6.4
234 79 11.13
196 165 2.5
248 203 0.61
116 169 9.18
207 141 11.81
211 150 8.15
74 8 6.87
227 12 15.26
154 213 5.52
60 38 6.19
89 39 19.11
30 72 7.88
147 63 10.81
156 216 18.17
149 186 4.79
80 63 5.67
62 143 16.99
57 206 1.59
193 53 10.28
87 184 6.14
41 226 11.95
54 107 15.39
244 13 10.84
50 138 4.99
206 34 7.65
59 246 7.5
117 157 1.94
179 213 9.02
92 126 7.7
20 95 2.81
70 173 6.06
46 147 9.25
236 11 14.32
209 192 9.97
72 18 4.43
236 211 15.71
189 171 10.74
87 137 12.51
110 235 3.61
115 109 10.59
3 119 11.5
126 177 9.72
233 178 8.05
227 209 7.13
5 115 4.92
28 65 5.11
30 22 5.07
204 24 10.45
63 74 14.4
13 38 13.76
162 110 3.53
123 184 13.89
185 90 20.5
244 48 7.16
234 49 10.25
100 85 8.81
21 87 23.55
246 96 16.66
193 44 6.82
191 137 10.72
34 202 10.58
243 167 9.51
28 131 7.54
132 143 16.38
117 87 9.05
61 198 6.52
183 125 2.7
59 28 10.78
30 32 4.31
133 196 2.01
37 31 9.31
201 1 8.57
22 240 9.58
175 58 11.53
219 181 7.39
106 67 9.58
244 194 7.92
66 19 8.02
176 242 3.06
113 4 3.76
171 85 5.76
103 140 3.5
91 105 4.49
218 220 9.59
134 202 6.27
124 242 10.27
131 116 7.35
248 89 12.54
201 156 3.44
155 26 16.03
69 177 2.09
120 176 10.64
178 69 12.6
220 241 12.62
44 38 3.74
222 101 0.75
133 205 2.96
250 142 2.63
113 12 16.44
42 92 6.11
212 67 12.84
181 183 6.45
133 249 2.74
132 10 6.14
45 87 21.41
166 198 8.42
7 222 8.98
43 5 3.51
213 16 5.26
91 163 8.66
226 89 27.7
18 31 9.69
175 71 10.79
86 35 8.34
95 41 2.57
63 30 6.19
180 243 13.6
17 134 5.42
185 69 4.68
121 60 11.44
235 64 7.41
50 93 10.34
42 240 5.17
50 10 9.57
217 204 11.8
246 202 14.12
109 187 7.58
63 56 9.79
85 45 23.52
168 212 12.45
232 150 14.51
49 25 4.66
180 58 3.38
130 63 13.42
103 15 8.28
197 118 3.45
235 158 8.35
56 241 3.83
112 192 7.2
7 107 16.58
197 115 8.03
235 35 8.92
79 74 6.57
96 135 6.25
67 22 10.76
137 81 10.14
128 114 5.36
178 133 1.83
241 3 8.54
225 75 8.14
102 206 2.17
63 13 11.27
41 182 4.4
82 82 0.89
225 173 9.09
200 20 8.61
214 5 4.73
32 14 14.32
48 17 7.77
57 158 3.47
232 64 11.11
245 231 6.43
89 175 7.7
122 161 15.1
228 152 4.85
248 141 7.83
228 48 6.92
234 136 4.94
175 109 9.84
8 168 8.89
99 10 4.18
175 212 12.13
160 78 5.07
97 119 1.81
15 36 12.1
191 39 3.62
178 41 1.65
119 155 5.34
108 163 10.28
48 246 9.12
117 169 3.98
156 61 6.07
164 23 8.46
81 209 4.65
130 45 14.48
106 180 14.89
23 49 7.05
180 183 7.29
140 22 5.75
125 31 7.36
221 104 3.87
23 247 13.52
230 89 13.4
36 160 12.35
109 229 7.24
39 172 15.08
140 200 3.16
20 115 3.07
146 153 18.38
45 63 15.77
215 10 5.82
117 33 8.11
190 10 13.44
97 109 11.65
7 216 18.09
71 187 5.18
210 250 4.44
49 207 1.19
83 52 6.25
229 56 5.29
135 84 5.48
149 44 4.9
236 209 19.46
162 203 7.31
233 216 8.88
144 202 4.7
178 168 4.08
144 149 3.96
246 22 5.58
138 190 6.96
160 161 16.21
209 132 13.03
212 189 13.52
228 32 8.2
128 6 2.87
233 185 1.66
223 177 8.41
147 182 12.36
209 193 7.02
101 106 8.85
137 53 12.91
166 196 7.23
13 74 11.61
231 230 5.16
160 33 8.99
192 219 9.48
192 6 7.65
107 240 14.05
10 102 6.68
44 4 8.27
187 66 12.72
245 141 9.6
10 31 9.01
233 142 6.99
141 12 11.86
144 194 8.47
227 249 5.71
71 11 4.91
52 172 11.72
200 92 9.55
153 114 6.55
58 216 14.32
201 55 6.01
108 113 7.75
95 169 4.27
102 148 9.89
130 59 12.56
16 23 9.17
8 138 3.02
32 76 10.87
213 145 8.28
224 21 14.12
176 166 2.44
152 238 5.74
154 64 7.94
103 85 11.11
118 156 7.1
102 12 13.3
248 14 5.69
111 109 6.8
170 220 6.63
231 213 7.94
89 162 15.79
89 65 17.36
87 159 10.74
163 55 13.74
144 247 5.94
84 45 13.68
114 136 7.34
218 58 9.68
96 155 8.78
220 137 11.27
63 152 6.29
223 232 18.43
153 31 8.32
121 215 14.75
165 93 8.73
57 235 6.05
246 172 9.43
204 219 9.35
194 151 8.55
241 139 11.11
168 188 6.26
168 53 6.96
71 203 3.21
86 241 6.46
25 89 14.11
186 65 5.01
223 110 4.28
195 147 5.04
137 75 2.91
130 52 8.77
44 15 6.39
76 184 3.83
78 141 10.85
34 39 12.92
13 102 12.92
207 178 5.44
122 198 3.85
52 106 12.81
136 181 8.05
176 74 4.92
31 7 13.26
249 154 1.2
92 99 6.41
111 53 13.32
192 114 8.6
24 81 9.12
32 25 4.16
88 231 5.18
110 124 5.31
88 36 10.36
201 105 4.16
182 86 8.97
176 24 4.01
191 167 6.89
51 140 6.74
97 238 4.07
98 125 10.4
200 98 12.24
96 132 1.44
221 151 10.18
246 71 10.89
52 72 6.8
45 247 16.39
139 56 14.43
40 63 4.04
185 137 5.69
194 192 11.34
99 115 5.2
117 69 11.8
98 204 11.48
162 205 3.65
148 41 8.16
8 246 8.62
242 33 4.1
82 102 2.93
57 137 2.32
36 245 10.25
123 16 8.36
134 196 4.05
35 149 2.54
15 118 11.59
201 49 4.77
218 47 5.24
105 104 3.44
18 23 13.74
105 166 3.43
30 132 11.12
151 44 3.91
109 208 8.59
111 69 12.65
224 54 8.12
74 246 4.97
16 68 11.98
65 230 6.19
106 47 14.49
132 190 11.13
22 51 7.77
182 242 10.28
3 182 14.04
161 105 12.94
180 197 13.84
74 78 15.67
14 203 6.54
38 173 5.5
98 33 12.08
85 231 15.32
40 216 18.1
245 2 6.54
145 224 9.88
96 170 10.95
55 82 4.41
136 41 1.18
123 17 12.35
106 217 10.18
26 149 17.65
38 33 9.44
164 29 10.03
94 180 4.36
153 85 19.45
140 164 1.92
38 149 5.81
34 238 10.38
127 106 7.58
81 50 5.17
132 135 6.5
95 96 7.43
69 24 8.38
192 203 7.13
245 69 13.62
237 60 4.76
70 229 3.92
197 167 11.51
100 177 13.01
226 6 13.79
97 77 11.44
66 75 9.56
176 214 6.05
93 27 7.84
94 206 6.21
4 18 11.16
76 218 11.35
1 146 4.72
241 115 5.56
154 92 5.32
20 87 8.66
102 160 8.22
19 105 5.82
107 134 9.27
82 197 10.59
160 74 12.65
205 215 2.18
107 189 9.67
111 172 6.42
181 77 1.82
175 124 15.23
31 135 9.27
200 122 7.51
172 178 12.04
189 191 9.17
102 58 2.31
161 180 17.2
35 240 9.85
63 218 12.84
59 171 11.36
44 138 7.57
59 187 9.59
241 102 2.14
247 105 8.73
182 92 3.82
231 91 5.7
13 89 12.95
6 96 7.28
144 43 2.0
180 198 2.41
57 164 3.38
182 137 8.75
130 239 8.75
26 163 23.16
114 72 1.98
70 195 11.85
190 207 9.67
37 159 4.28
156 92 2.17
176 166 2.05
197 69 21.53
87 127 9.58
204 201 12.14
145 8 1.92
111 165 9.88
88 56 4.74
157 85 10.67
235 28 9.05
172 249 9.01
61 107 8.91
244 187 5.5
227 87 11.7
234 57 7.38
165 12 10.51
17 239 10.21
66 92 9.78
214 157 2.36
97 169 8.23
4 92 10.91
228 195 7.63
235 159 5.47
146 46 17.32
26 120 13.59
136 98 4.44
210 97 8.11
57 133 1.58
150 165 3.81
95 202 4.18
86 65 5.82
55 144 5.75
248 121 12.47
10 61 6.98
1 65 6.11
55 241 5.22
227 193 3.04
45 107 3.65
102 132 7.05
74 159 9.13
42 2 4.83
67 237 5.49
217 113 2.77
24 219 5.19
218 102 10.37
50 241 5.16
77 211 2.74
85 102 12.2
51 177 11.75
238 36 10.32
245 82 2.75
34 91 8.05
136 10 2.16
102 168 6.13
10 78 2.8
171 76 6.81
208 192 9.96
11 8 1.4
129 65 4.96
207 250 5.29
236 119 12.69
249 231 3.4
105 241 2.71
247 159 5.59
54 209 18.07
192 36 17.72
45 182 18.48
197 98 6.8
30 33 6.36
167 11 5.59
26 133 12.56
129 189 8.22
231 124 10.45
15 208 6.25
32 150 5.25
221 145 6.74
146 143 18.75
247 234 3.14
214 227 4.47
119 224 2.9
113 180 7.65
159 103 2.86
223 240 6.55
215 50 7.04
133 142 1.78
250 22 6.85
94 230 4.53
150 67 5.37
213 236 8.44
10 25 5.03
124 30 8.54
42 129 8.36
135 94 5.05
161 47 4.92
186 176 6.54
197 60 10.44
132 153 13.3
76 20 3.98
122 148 10.93
30 244 3.64
116 45 21.71
96 56 10.34
239 210 10.33
200 113 5.29
42 154 4.39
56 7 8.55
148 172 16.27
194 73 15.27
174 63 8.64
166 21 9.05
217 97 8.16
10 77 10.4
154 219 4.95
123 149 5.81
53 14 11.01
48 217 7.9
109 172 3.56
175 28 15.91
81 81 0.94
214 28 6.26
116 122 10.49
125 208 9.23
38 183 9.08
122 214 2.08
195 230 9.59
71 223 4.19
176 110 7.9
141 87 9.12
186 9 5.33
61 192 4.96
174 30 5.03
172 187 9.67
187 224 10.73
120 213 4.88
38 161 17.56
26 233 19.67
141 52 4.34
196 189 8.58
38 120 8.51
129 100 7.27
6 210 3.63
177 1 17.86
225 94 12.25
149 93 13.42
173 34 5.87
32 248 9.9
162 88 6.83
56 125 3.38
208 140 7.03
202 235 6.11
146 227 13.26
220 53 21.1
51 44 2.4
61 192 5.09
231 52 9.96
174 178 5.73
69 238 14.19
209 52 11.73
58 187 5.02
27 219 1.76
158 8 2.2
218 230 10.15
18 16 4.43
115 76 6.17
55 79 7.82
221 53 16.36
171 147 13.17
63 185 11.59
250 140 8.26
250 198 3.02
38 221 8.42
6 162 4.88
208 166 8.25
170 151 10.28
130 38 5.67
179 140 5.14
22 124 11.68
92 117 2.6
109 186 5.51
114 68 12.24
72 68 12.72
107 18 14.74
12 125 18.46
54 208 7.43
86 77 12.36
201 6 4.45
137 55 7.18
214 89 13.55
91 203 5.24
226 247 9.41
165 172 11.19
163 7 15.26
71 125 8.16
129 8 12.43
92 64 2.42
240 191 5.52
222 159 0.54
127 39 5.16
47 107 5.66
151 61 6.3
203 16 0.93
217 118 15.18
190 182 12.6
89 46 11.88
226 61 17.24
183 182 15.06
10 64 3.64
108 126 3.37
102 153 6.93
152 71 4.47
157 111 12.44
162 184 8.14
233 138 2.22
68 228 18.2
188 83 2.56
87 208 7.2
12 213 10.1
144 122 2.07
35 210 9.7
20 59 5.92
100 236 10.12
59 56 6.05
43 176 7.06
28 142 4.84
132 144 7.95
184 226 12.29
141 158 9.84
196 41 3.38
130 49 9.35
159 105 3.08
220 146 22.8
2 40 6.86
35 95 5.69
4 233 1.43
62 173 10.04
204 142 10.09
116 213 5.71
120 110 3.77
40 87 6.82
228 234 14.86
192 168 11.34
203 200 8.0
211 115 9.19
144 94 4.41
1 90 5.67
77 153 3.62
93 54 13.26
73 226 25.53
235 11 8.12
40 110 2.5
227 200 9.93
100 198 5.6
117 247 4.58
167 175 11.0
202 226 12.04
185 69 4.5
61 211 6.65
3 246 7.61
70 93 7.5
180 212 3.14
250 194 10.92
88 125 6.79
26 180 14.94
227 142 3.39
28 34 11.75
42 133 4.81
218 105 6.31
225 180 12.77
236 181 15.9
200 64 12.28
114 107 13.22
229 200 7.55
99 210 7.05
199 212 5.97
224 171 11.49
214 23 9.63
214 130 8.64
248 171 8.42
135 23 11.91
127 19 2.36
8 221 5.95
206 15 5.48
23 224 9.03
115 72 7.05
152 235 5.58
18 134 6.31
8 137 3.15
81 250 6.54
202 241 4.84
196 223 4.13
228 17 11.12
108 193 12.24
62 245 7.37
36 68 4.7
108 30 3.85
19 28 5.59
248 12 14.12
129 54 2.15
22 176 1.06
27 142 2.86
53 131 6.81
90 94 16.74
109 215 6.92
180 48 13.0
180 48 13.06
55 48 9.33
123 23 2.5
89 79 10.01
213 143 12.55
26 25 14.76
67 192 11.87
14 182 10.34
198 144 5.68
35 143 4.2
214 118 9.45
12 107 22.89
114 187 4.44
126 202 7.57
200 211 12.51
177 103 11.34
81 137 10.16
174 106 9.86
31 158 5.31
226 224 14.74
19 233 8.56
95 245 2.31
223 57 2.63
40 206 2.42
218 234 15.78
38 123 10.99
46 88 8.3
99 6 5.21
144 166 4.64
233 187 9.77
240 77 10.21
135 54 11.36
238 100 4.81
148 234 5.6
221 116 14.97
69 45 5.14
226 181 19.83
138 95 6.64
60 46 12.51
8 222 4.66
119 50 9.74
218 62 17.12
13 185 8.1
30 243 6.73
84 234 14.2
65 62 5.74
80 165 2.87
7 75 7.48
161 24 13.95
242 228 4.17
66 77 12.7
9 164 9.9
25 225 6.84
165 182 4.34
44 109 7.94
145 23 8.35
13 236 20.47
50 19 8.06
177 21 5.68
44 32 7.34
71 189 5.93
138 52 11.44
81 153 7.22
241 226 14.79
211 233 8.81
20 157 2.82
119 247 5.06
152 88 5.68
5 28 3.03
109 149 5.76
176 168 10.81
218 103 9.25
8 62 11.0
205 228 7.78
166 90 17.6
200 90 18.25
163 133 11.47
64 174 8.34
8 133 5.04
161 231 11.81
140 150 3.88
232 209 23.56
103 200 6.25
4 31 3.77
68 25 11.04
62 189 11.92
243 119 7.47
194 110 5.17
175 146 19.16
142 15 4.87
43 243 11.24
7 174 9.39
144 199 4.26
199 12 14.0
226 43 14.06
77 167 9.51
198 35 9.29
192 167 8.84
245 187 5.29
30 121 15.57
150 85 11.01
188 196 3.09
43 223 3.55
91 122 5.22
77 97 11.23
60 71 2.29
25 70 5.65
25 159 2.97
138 79 4.06
129 115 5.45
233 185 1.69
54 76 9.88
159 14 8.63
144 235 6.44
119 128 6.23
202 67 2.35
119 110 2.24
110 165 3.95
33 72 8.5
140 9 11.81
183 199 8.46
103 34 8.14
171 165 5.13
83 231 4.8
188 127 2.94
40 41 0.88
186 99 8.36
6 117 1.44
36 87 4.87
169 245 5.13
171 99 7.9
246 192 3.65
11 189 8.34
230 122 2.66
224 161 13.72
100 103 4.89
74 153 4.81
137 213 6.07
5 32 10.92
28 17 5.08
33 162 8.18
64 209 13.36
230 92 4.44
224 100 8.25
89 112 13.87
247 106 8.18
176 214 6.52
97 147 8.77
44 224 6.36
63 86 3.66
199 220 11.03
61 216 13.13
161 211 17.97
208 115 2.28
5 178 5.35
3 6 9.63
79 150 5.0
58 99 11.44
154 160 5.67
20 232 14.54
242 246 6.45
150 11 5.0
219 50 6.93
128 224 8.03
79 53 15.05
148 128 7.41
76 108 10.86
224 81 15.24
33 107 4.5
23 20 10.86
182 157 5.89
106 213 10.48
79 243 7.02
94 75 4.39
75 72 3.22
202 47 16.52
230 98 5.24
57 133 1.43
122 101 2.19
52 145 8.62
55 32 8.3
246 135 13.09
134 174 1.68
22 218 4.08
15 19 8.02
158 226 17.8
192 111 12.24
19 25 2.97
35 243 5.39
74 231 5.62
181 197 14.23
187 71 5.41
38 212 6.92
42 197 13.12
34 3 2.65
160 190 14.51
121 142 12.65
99 72 10.24
18 232 13.78
21 183 8.8
124 43 5.55
57 249 1.5
188 223 1.04
102 194 10.57
66 232 19.0
106 66 2.66
3 65 12.42
129 236 6.92
203 161 16.15
19 137 5.73
69 62 18.72
85 233 17.94
131 75 13.19
21 117 15.23
162 5 9.32
20 142 1.55
85 198 14.44
99 18 8.92
202 248 5.13
102 50 3.88
179 206 6.89
123 106 11.82
102 57 2.69
225 44 6.27
70 173 5.65
164 92 5.77
162 156 7.55
103 228 7.93
138 127 6.58
98 52 1.74
99 35 10.61
21 23 5.01
100 181 7.42
12 99 11.15
191 188 11.48
49 231 2.53
184 45 16.28
166 105 3.46
36 216 26.09
164 122 4.92
59 14 11.75
140 181 10.65
17 205 3.43
230 123 10.05
166 92 9.21
72 136 6.82
92 95 3.88
60 100 3.34
73 170 9.54
92 81 10.46
43 96 5.97
25 77 9.49
97 140 2.0
186 58 3.74
13 219 13.12
165 166 8.02
168 238 3.84
103 68 10.07
80 48 6.6
125 187 8.85
196 177 11.3
109 187 7.85
229 154 2.93
65 33 10.78
230 203 2.35
11 1 10.42
4 143 5.25
4 83 8.58
61 154 0.91
177 143 6.4
186 51 1.9
15 163 11.53
60 77 9.02
111 85 17.11
235 193 11.38
38 198 3.12
100 183 11.67
206 119 5.63
248 205 4.13
144 117 1.76
51 61 4.65
145 89 10.11
34 201 6.87
232 148 10.03
70 189 9.5
17 53 8.42
163 107 2.28
83 7 9.09
91 245 3.89
138 238 10.48
60 247 2.93
147 14 9.94
148 140 13.83
221 96 13.43
21 75 14.86
165 177 12.36
49 28 8.88
14 74 11.64
224 147 7.79
233 158 4.11
119 66 4.43
60 236 9.97
95 242 4.34
114 7 4.19
68 245 9.13
223 238 6.31
159 172 9.46
165 54 6.49
9 232 15.38
150 246 10.59
16 14 5.4
114 214 5.56
179 233 2.21
11 113 3.03
26 86 16.76
207 216 12.48
3 140 10.91
144 164 3.46
34 107 7.0
87 242 13.46
68 89 23.9
28 170 9.83
182 194 8.54
194 211 13.79
99 118 8.6
134 8 1.87
151 113 7.79
63 186 8.03
4 144 6.5
22 160 8.26
165 141 6.91
107 101 9.9
98 14 7.46
191 137 11.7
112 104 4.11
59 77 9.35
105 171 10.3
38 43 3.2
87 195 20.05
150 239 7.67
146 185 17.73
51 229 2.3
62 197 4.51
13 154 9.89
87 80 9.2
228 219 10.31
93 99 13.45
123 201 10.3
223 55 6.49
190 162 14.29
58 69 9.72
145 210 7.63
25 138 7.97
13 133 12.48
144 156 4.4
167 126 4.16
168 89 17.73
142 95 2.8
3 97 12.2
5 40 4.74
184 151 1.5
241 85 11.79
52 122 6.95
123 176 4.14
67 40 2.97
32 160 3.07
17 61 5.52
87 78 5.08
58 9 5.91
248 93 9.48
167 143 9.77
108 5 10.24
125 80 7.18
114 25 8.17
195 145 6.14
218 49 6.72
55 89 17.36
230 63 8.84
116 215 11.58
216 195 7.24
41 216 18.04
161 164 13.83
34 26 19.48
202 21 18.45
249 35 5.04
103 241 3.31
196 121 11.75
216 167 16.62
153 23 8.33
87 84 16.17
103 110 1.3
64 49 9.0
88 73 13.6
179 228 3.66
87 44 9.39
210 45 15.25
210 19 2.92
250 160 7.98
57 214 0.12
54 62 8.3
180 64 9.62
142 232 16.28
224 171 11.09
38 235 8.4
104 37 6.99
244 51 2.33
149 59 3.94
224 61 5.92
190 51 9.06
97 206 7.12
46 30 12.18
41 188 4.87
80 101 1.2
229 155 3.25
56 112 4.55
122 45 11.7
244 30 4.56
171 4 14.24
220 109 7.13
2 56 3.71
4 90 19.91
153 9 10.76
64 248 6.66
38 218 10.25
45 107 3.59
35 131 18.98
124 156 3.89
216 28 19.6
160 187 8.66
164 169 5.67
160 44 5.01
197 26 3.54
235 193 11.48
244 149 4.13
190 162 13.94
174 137 1.42
146 81 16.46
250 211 3.48
112 42 4.91
226 10 10.05
140 123 9.18
60 153 11.54
16 128 4.54
211 234 11.23
21 194 17.29
142 175 11.29
97 25 3.31
120 65 3.6
106 51 9.64
28 74 14.76
65 26 11.18
182 121 6.36
68 64 5.9
38 78 8.25
23 200 6.0
224 102 9.18
34 57 6.59
113 102 5.03
54 66 9.22
112 83 0.51
179 182 11.55
119 167 3.2
132 145 10.45
195 129 18.54
57 156 3.92
221 193 10.35
65 171 4.23
97 101 6.67
140 71 5.06
127 208 3.72
1 228 16.56
107 122 10.77
211 7 3.14
193 49 7.13
99 107 12.9
181 46 3.85
106 208 10.09
191 206 8.56
4 85 18.68
246 233 4.75
75 96 6.8
176 239 1.52
208 73 14.65
8 90 15.72
99 111 15.82
64 131 9.19
121 48 16.49
178 230 5.51
78 36 8.4
130 126 12.66
139 217 16.71
24 199 4.29
153 210 10.74
79 30 3.7
93 152 14.75
42 69 11.69
224 47 12.5
28 96 1.64
75 223 2.16
203 10 6.5
38 193 2.66
51 120 5.91
123 38 10.56
100 204 9.78
150 90 12.47
12 119 13.36
227 104 6.91
185 112 8.37
34 43 7.97
20 90 11.13
77 53 14.47
216 107 7.97
145 47 10.91
24 48 8.36
17 221 9.31
166 71 6.79
192 131 18.49
231 50 4.95
185 136 10.21
188 183 7.25
149 15 7.26
58 55 7.93
105 32 8.45
62 68 5.22
119 146 11.26
80 183 9.18
126 123 9.24
152 135 9.74
151 160 6.33
139 8 14.2
224 128 8.45
68 208 7.79
141 145 9.01
7 176 10.88
22 72 5.86
181 101 5.56
120 189 5.09
184 171 3.61
195 64 14.73
221 29 9.4
249 211 7.56
116 26 4.99
184 118 5.54
84 95 10.77
222 219 3.26
56 111 8.79
207 179 1.85
140 151 7.74
132 65 6.22
152 230 7.79
18 167 6.42
213 202 1.05
163 185 2.19
107 100 13.28
52 11 7.69
155 60 5.08
48 196 8.87
40 204 8.37
83 38 3.79
206 203 2.2
175 141 17.92
107 247 13.82
39 88 6.05
65 234 3.72
5 183 10.22
12 168 8.7
78 94 11.97
215 14 9.81
40 167 3.09
238 194 4.76
25 227 7.67
203 207 4.25
147 52 11.28
119 95 3.38
115 147 10.51
29 18 7.75
32 184 9.29
129 142 9.62
95 118 9.11
233 248 6.62
20 103 3.45
124 41 3.46
119 36 13.67
71 79 4.93
204 192 11.56
126 76 9.26
69 42 11.71
54 200 10.5
186 214 2.33
139 166 15.08
6 191 8.01
181 236 15.84
11 199 3.24
59 25 3.73
210 10 3.21
24 5 6.13
231 138 2.48
122 62 8.81
25 191 7.87
246 112 10.69
2 189 6.23
157 149 5.35
177 236 21.88
4 129 15.14
13 126 6.74
210 86 7.66
94 185 6.02
236 123 21.93
122 207 3.48
190 159 9.81
11 52 7.45
3 235 13.47
94 55 9.22
165 64 2.77
172 235 14.87
31 211 10.23
73 69 4.75
168 11 7.8
44 17 2.67
162 212 13.56
90 27 9.87
119 190 13.13
140 38 8.42
78 190 15.25
208 177 12.96
26 5 10.54
229 139 9.52
194 50 13.55
77 211 2.93
222 102 2.74
236 213 9.33
126 193 11.05
15 192 8.18
22 161 10.28
53 219 9.02
39 3 14.33
87 249 11.15
13 115 13.52
138 122 5.32
36 128 8.85
176 210 9.08
180 139 15.41
157 243 9.49
36 233 17.29
157 97 4.04
203 37 4.67
32 39 6.78
139 35 16.3
58 214 4.71
31 142 6.72
166 20 6.84
68 238 7.92
36 245 10.4
79 177 6.31
3 160 13.02
60 207 6.01
130 119 12.24
100 114 5.33
223 8 2.92
124 95 6.27
35 10 10.35
27 11 5.61
164 185 7.24
227 45 13.2
103 118 9.66
129 166 13.22
170 78 12.83
143 37 12.66
127 31 5.07
7 247 11.88
78 216 20.55
243 99 10.94
222 129 8.43
249 40 4.6
134 141 8.88
239 39 12.26
195 4 5.06
104 166 4.32
211 168 8.98
157 200 6.49
232 200 19.61
187 220 13.66
18 157 5.93
17 101 4.4
111 141 6.78
125 82 7.7
206 184 3.05
110 41 2.75
148 157 10.05
104 160 4.15
120 81 14.17
229 220 13.49
247 175 13.25
65 143 12.44
87 52 6.5
164 191 9.19
171 8 10.22
166 65 9.54
207 181 6.4
166 197 16.93
243 66 4.91
166 69 6.87
74 7 12.42
91 69 11.91
61 228 6.94
44 222 1.49
72 71 5.29
53 202 7.23
132 56 11.22
53 222 11.6
221 168 10.69
83 232 15.06
133 99 5.72
219 187 3.76
76 100 3.42
43 24 3.32
72 87 11.64
84 74 8.81
143 237 11.99
185 167 9.3
139 153 18.26
163 245 11.89
118 189 11.76
110 182 6.33
113 172 7.63
246 161 5.75
106 156 11.06
96 96 0.52
123 141 15.49
37 216 18.09
185 197 18.6
97 201 9.57
38 229 3.53
37 119 7.2
3 115 12.42
83 202 3.98
98 70 3.05
249 186 3.33
94 53 14.11
209 157 12.01
90 120 10.97
63 152 7.18
20 172 10.62
198 231 5.93
176 183 4.19
124 165 4.02
246 91 8.79
232 245 14.02
106 201 11.7
229 122 3.08
165 111 9.71
186 178 4.47
198 11 4.1
236 163 21.75
101 64 6.39
226 212 22.44
246 111 14.9
230 91 7.62
122 52 6.26
206 186 1.98
216 233 9.52
161 35 9.81
134 181 4.87
124 14 10.22
92 52 4.54
232 193 17.9
174 60 6.14
221 99 9.67
126 243 5.78
162 214 5.18
167 100 4.45
174 22 2.81
104 244 2.96
113 222 3.58
222 30 4.25
119 241 5.46
24 38 4.26
143 1 17.97
248 207 4.56
14 47 15.82
62 130 10.4
220 14 10.41
102 160 7.65
80 131 13.53
27 162 7.43
83 105 4.14
35 57 6.03
229 122 2.93
176 63 10.5
138 32 10.55
36 12 5.57
103 143 9.1
149 181 5.92
67 236 7.4
69 245 13.31
125 110 9.47
39 95 5.91
64 189 9.64
130 147 8.69
170 123 5.92
37 178 3.7
9 105 8.98
205 27 4.65
241 208 3.25
111 60 12.38
74 185 3.79
190 207 9.56
205 240 4.43
41 34 9.4
3 14 8.79
181 70 6.0
166 88 6.79
170 163 7.43
24 225 9.94
7 99 14.32
58 51 4.92
210 26 9.91
60 5 5.77
148 200 16.63
138 250 6.34
91 54 7.3
209 1 14.63
126 158 5.85
148 160 11.78
24 64 7.72
9 218 14.15
120 71 4.29
208 89 16.27
117 141 8.05
103 53 11.26
249 198 7.1
197 73 23.0
216 61 12.53
241 70 3.59
78 29 13.35
187 245 5.41
71 1 7.7
168 78 4.01
67 38 6.49
146 152 13.24
139 58 13.3
21 83 15.26
115 208 2.27
200 241 6.94
206 84 9.87
237 97 7.85
182 130 11.92
201 69 10.7
15 213 6.87
237 203 2.26
162 237 7.69
87 243 18.1
133 36 10.72
245 237 4.21
238 66 7.39
198 71 6.28
248 157 4.67
116 80 9.02
38 107 13.22
25 110 1.48
100 250 4.15
244 50 6.29
104 213 7.04
57 123 9.28
243 168 13.98
159 124 6.65
159 60 3.3
128 161 17.96
134 96 8.16
210 22 8.59
39 58 9.91
227 23 10.51
246 80 10.44
139 189 11.28
131 2 16.98
215 7 11.09
105 192 3.89
126 201 8.19
204 244 8.88
101 187 5.11
201 128 4.21
250 124 6.93
125 154 5.71
40 106 9.02
162 148 12.92
158 187 6.51
61 8 2.79
106 119 4.3
83 64 5.42
95 207 2.96
139 1 6.24
201 246 10.89
2 23 6.03
198 25 8.74
154 192 5.25
165 25 4.28
227 81 6.26
217 176 0.86
25 4 7.99
164 172 11.59
117 94 6.24
179 175 5.91
22 230 6.69
136 171 5.93
182 186 6.35
8 166 4.74
14 5 5.15
117 240 3.83
213 213 0.77
105 23 6.53
186 28 5.31
170 123 5.81
99 173 7.36
232 30 17.45
146 175 19.13
50 221 7.88
242 106 7.79
228 126 5.79
50 24 4.73
111 107 16.29
18 64 3.19
191 119 8.5
74 115 13.68
141 194 14.43
37 12 9.49
161 36 27.33
153 184 11.38
217 230 6.55
198 50 2.65
150 240 3.05
67 135 8.0
136 201 5.82
246 248 10.39
224 65 7.28
127 111 10.96
240 132 6.28
154 231 3.21
177 231 6.24
199 193 2.35
26 217 19.01
202 183 12.87
232 172 23.62
4 230 8.69
191 168 5.24
136 223 5.55
80 185 8.0
76 68 10.86
90 28 9.28
43 184 3.48
220 223 10.83
119 175 8.89
246 3 6.93
186 25 4.65
87 51 8.47
195 127 11.19
103 44 2.44
219 140 5.97
58 37 6.51
56 152 5.46
129 202 6.68
9 163 15.83
50 147 6.35
199 92 5.22
227 97 9.87
111 202 10.55
242 13 8.41
226 182 9.48
89 68 23.35
54 24 10.41
53 89 23.34
217 85 16.92
46 168 12.0
39 166 10.85
171 187 5.02
186 227 2.76
179 139 15.11
57 224 6.12
213 98 2.67
212 67 12.44
245 41 1.4
188 63 8.44
203 169 1.34
122 13 12.18
7 116 10.39
203 143 10.52
68 72 13.06
23 74 3.98
62 99 9.48
130 111 2.09
189 230 9.66
67 45 17.17
67 174 8.54
227 197 12.5
36 143 20.48
80 176 6.04
130 123 11.33
72 152 7.86
41 46 11.26
65 248 6.33
134 52 7.34
159 64 6.83
88 196 1.44
81 219 10.55
103 63 4.42
59 234 9.66
213 133 2.83
21 182 20.8
197 211 13.3
217 243 6.97
98 100 2.58
112 182 6.23
160 162 1.61
91 15 9.49
4 24 5.46
218 162 10.34
55 199 5.86
240 53 8.91
2 129 11.69
206 121 11.74
130 65 10.86
105 213 7.14
225 176 12.9
190 237 8.25
14 118 11.74
104 88 5.56
85 24 13.88
126 249 4.21
139 250 11.93
80 70 3.26
185 185 0.63
40 121 9.63
47 138 7.91
99 234 6.2
183 122 7.03
183 91 10.21
165 250 4.31
105 107 8.44
161 219 17.3
227 213 5.74
116 215 11.27
73 125 9.26
112 65 3.87
136 173 4.25
171 137 9.6
150 64 6.33
9 56 9.09
34 96 12.5
83 197 11.37
33 237 9.54
79 7 10.7
244 229 1.69
117 23 10.96
41 128 2.2
142 109 6.11
13 237 13.4
187 66 12.67
19 154 4.57
114 221 8.65
225 12 7.27
179 70 8.24
64 141 6.41
245 24 5.88
187 24 6.43
111 186 8.16
244 7 9.67
207 164 3.08
184 151 1.09
101 191 9.99
153 96 12.37
201 119 7.83
156 194 9.28
200 74 9.09
152 33 5.24
248 84 6.95
9 48 13.27
226 142 14.71
35 146 15.97
116 72 9.76
161 71 16.0
43 158 3.48
16 92 5.58
117 54 6.79
17 10 2.52
7 219 9.19
1 75 8.34
199 36 11.42
198 2 7.63
246 123 3.53
20 142 1.62
17 83 2.76
179 179 0.38
116 230 8.89
219 5 3.91
107 60 12.01
195 75 9.62
114 81 4.78
227 228 10.24
195 233 5.73
102 188 2.84
152 68 13.53
154 23 7.98
47 184 17.74
141 246 17.04
165 88 2.03
170 249 6.86
90 243 21.36
235 15 11.05
186 37 3.43
195 245 13.23
93 71 10.97
120 107 13.39
64 230 5.54
119 193 9.84
26 127 13.97
26 71 12.63
206 21 16.12
93 227 8.85
235 52 8.83
54 59 8.16
68 123 19.39
242 18 8.97
165 183 11.8
147 104 5.16
83 214 1.36
41 133 2.07
106 150 7.19
177 201 9.91
82 146 10.43
185 114 9.59
147 213 9.98
64 220 16.64
76 176 7.66
95 153 8.75
71 106 8.05
25 64 7.29
105 84 8.09
80 6 1.82
250 59 7.86
49 113 1.78
96 16 7.08
35 64 11.28
229 14 7.94
83 178 2.92
169 64 6.28
36 162 13.5
227 176 6.57
202 89 17.13
223 92 5.54
52 111 9.18
75 137 2.88
121 224 15.77
246 148 19.73
135 219 6.1
8 99 10.55
231 2 2.37
212 200 12.12
227 114 0.88
207 207 0.72
168 68 6.75
12 221 18.03
234 51 6.52
30 71 4.04
208 71 3.06
233 215 4.82
146 11 13.28
198 40 7.22
80 66 8.55
114 217 7.23
187 153 9.77
24 219 5.76
232 201 16.93
125 159 6.61
19 13 12.36
179 205 5.03
81 145 6.77
40 144 4.78
201 146 12.05
94 244 5.44
221 8 5.17
75 236 12.61
161 192 9.72
156 228 12.0
204 105 9.95
187 98 3.33
144 216 14.26
136 35 8.64
184 141 6.05
73 176 6.86
143 218 3.48
235 29 12.88
29 101 7.15
180 28 8.32
153 118 16.18
239 235 10.78
48 136 6.6
79 194 9.37
38 100 3.94
223 37 5.79
26 75 13.68
96 64 2.67
154 105 1.65
192 190 9.61
233 38 8.4
67 94 10.09
51 163 11.63
105 245 5.93
181 217 6.42
12 40 10.19
47 218 4.66
218 212 10.39
119 95 4.22
192 8 5.03
11 141 8.74
147 78 12.46
150 193 7.73
112 186 1.92
168 164 6.12
208 190 9.86
227 141 6.83
173 32 6.83
87 91 10.86
237 229 2.56
44 224 6.15
247 36 8.93
227 80 4.85
21 44 15.15
205 68 10.46
228 250 9.82
13 152 6.66
57 249 2.48
158 184 6.92
187 231 7.41
153 135 6.7
152 217 5.06
57 102 2.77
228 62 16.36
175 53 20.54
145 27 7.59
242 157 5.17
12 99 10.71
2 97 6.1
181 44 6.5
52 239 11.61
49 208 5.98
117 205 2.45
107 51 12.41
235 247 4.03
241 159 1.1
150 165 3.41
192 140 6.73
168 27 2.87
126 182 9.94
40 61 5.72
98 223 7.42
87 149 13.54
150 33 7.99
66 152 4.28
89 175 7.84
43 144 2.09
36 23 20.77
34 216 8.54
218 165 11.83
247 243 13.05
49 181 5.84
88 36 10.82
71 211 7.65
58 50 1.8
247 62 6.54
31 234 11.76
191 10 5.01
194 248 10.52
75 239 6.51
34 124 13.13
94 54 12.56
21 227 14.92
136 36 10.57
5 202 4.18
116 148 1.86
238 228 10.14
160 177 12.77
122 114 3.51
179 154 3.91
113 191 12.61
54 116 8.52
9 249 8.54
102 26 12.61
99 53 11.1
206 64 4.3
55 79 8.62
127 70 4.85
38 159 4.11
226 222 15.13
183 236 21.09
47 3 7.62
51 86 7.91
223 38 4.45
95 53 11.56
215 48 4.4
101 107 9.98
199 3 7.21
13 211 16.62
140 188 5.72
159 31 5.48
165 6 3.02
215 120 5.38
125 247 11.54
23 90 21.84
86 147 8.91
3 152 9.01
67 16 7.55
128 54 7.01
113 1 12.06
168 165 2.19
72 1 9.92
98 77 9.23
149 200 4.94
102 207 4.78
42 146 11.03
134 122 1.78
89 130 12.9
230 163 10.84
175 11 9.94
146 193 12.28
125 20 8.04
147 168 11.25
31 223 4.93
92 107 13.51
125 62 13.18
103 202 3.98
44 69 11.99
139 156 9.23
30 100 6.58
26 94 15.95
72 49 5.43
42 138 8.3
92 184 2.36
216 69 5.04
236 67 7.88
209 228 12.05
42 33 7.5
21 32 16.0
136 159 3.05
244 30 4.54
156 50 6.38
71 250 3.93
37 174 7.24
53 99 11.62
100 76 3.42
28 193 5.42
207 192 4.22
143 140 6.49
155 199 4.4
72 225 9.52
95 245 3.0
61 184 7.02
234 225 1.5
106 217 9.57
93 233 15.68
216 1 22.97
73 59 9.55
56 143 8.05
130 131 11.62
91 143 6.96
210 233 9.9
107 203 10.7
245 130 10.18
209 235 15.72
2 153 7.57
191 197 8.17
41 203 4.37
27 148 6.98
192 50 7.5
132 71 7.08
234 69 17.63
50 169 3.94
195 159 10.05
238 100 4.16
180 135 3.13
25 32 4.8
158 239 4.47
124 137 8.22
110 12 12.16
59 204 6.81
21 23 5.09
87 174 12.79
141 15 5.86
16 210 4.48
161 152 12.16
211 248 4.33
148 37 6.5
184 190 10.65
113 20 5.4
64 246 15.24
97 196 7.51
159 29 7.27
249 222 2.17
37 4 10.59
74 160 13.14
140 204 5.62
144 207 3.2
120 118 7.85
115 176 10.41
68 116 4.5
60 119 3.36
196 55 4.55
163 87 19.2
166 244 4.94
163 64 15.52
107 152 7.08
213 37 1.13
85 98 7.93
175 91 8.69
26 149 17.35
55 12 9.0
28 222 6.57
236 83 12.06
29 225 13.81
134 43 3.3
186 198 4.52
220 218 9.11
125 65 10.79
143 164 7.25
14 212 5.45
112 205 2.34
114 73 13.39
239 139 17.27
81 204 18.24
85 123 20.64
224 193 11.97
168 30 7.2
91 145 7.68
90 39 9.12
217 176 0.33
132 195 16.44
20 226 13.31
143 56 7.68
51 32 8.5
170 153 1.68
108 82 7.5
217 8 3.46
144 45 12.22
109 246 8.58
229 121 12.33
4 86 9.87
230 127 5.26
181 236 15.8
236 66 17.25
241 61 3.01
186 115 5.17
185 127 8.12
6 27 3.26
137 144 2.08
86 46 14.85
139 218 19.32
165 15 6.2
19 199 6.22
105 34 3.69
171 187 4.98
150 130 9.93
65 25 4.44
209 240 13.53
40 19 1.38
122 59 6.03
16 161 15.82
34 168 11.91
29 55 10.59
40 134 6.22
153 46 4.27
80 11 4.11
216 228 8.81
191 197 7.88
218 186 9.65
125 42 9.88
19 40 1.26
42 86 3.08
61 196 4.28
207 228 5.31
225 173 8.39
132 60 7.53
182 219 4.23
217 132 12.51
228 90 20.49
143 56 8.1
74 16 8.43
166 104 3.69
135 57 5.65
245 65 1.95
135 181 3.9
248 136 5.11
85 101 12.04
153 19 10.69
228 122 8.81
183 185 5.71
73 88 12.84
168 164 6.76
202 24 6.5
191 55 5.75
20 16 4.12
42 77 9.42
79 247 8.3
163 28 14.61
141 56 9.89
246 40 13.21
225 73 18.02
47 26 26.38
63 32 4.43
155 116 11.71
187 97 9.72
33 152 5.55
128 80 2.48
107 135 14.32
115 4 12.1
215 198 7.97
100 155 5.36
239 206 8.61
30 4 6.65
221 49 3.46
51 11 3.95
142 79 4.78
199 14 3.92
2 116 13.27
14 18 5.54
134 109 4.12
141 23 16.49
41 120 3.5
209 246 12.24
91 68 11.44
191 56 13.09
245 89 16.31
173 171 9.42
78 86 6.37
108 50 11.66
84 103 11.6
124 96 5.21
224 80 6.61
180 175 13.39
196 221 7.66
157 104 3.35
150 53 11.31
24 130 7.57
84 17 11.25
89 10 18.05
92 190 10.33
11 163 8.18
39 75 6.3
74 239 3.31
145 242 5.52
238 116 7.93
72 58 1.1
228 216 9.37
206 130 7.77
39 37 4.21
33 249 6.05
94 32 10.74
45 238 15.12
122 227 2.8
15 140 10.84
100 237 2.13
209 99 16.31
74 172 6.18
216 249 14.09
105 10 7.94
239 157 8.32
14 81 3.18
162 229 4.9
239 214 7.38
44 191 8.01
148 165 7.33
94 77 2.4
66 62 14.5
62 88 7.23
168 196 4.55
39 151 4.11
159 99 6.34
229 119 4.35
209 178 12.38
127 27 3.82
100 232 13.06
2 132 11.66
131 46 12.56
119 95 3.46
53 183 18.08
188 119 5.36
165 36 9.26
181 221 8.47
177 231 6.21
159 152 3.6
16 107 10.66
123 13 9.73
58 83 5.46
58 139 13.53
88 103 4.23
238 164 4.16
33 52 12.52
61 15 5.65
39 204 7.31
13 21 10.24
19 180 9.06
195 247 15.99
2 166 2.17
213 94 8.55
71 183 10.28
31 106 6.77
68 147 16.54
110 215 3.05
59 183 9.93
10 15 9.22
133 136 2.37
104 111 13.14
25 17 4.17
33 48 8.14
203 191 10.92
120 229 4.95
212 63 14.3
9 126 12.01
239 11 5.3
215 186 4.92
90 119 13.86
34 231 2.79
7 145 7.54
15 222 5.77
159 236 12.98
192 61 4.48
224 137 6.65
202 197 8.39
197 2 15.28
167 237 4.87
126 172 12.16
209 116 15.78
163 236 21.72
9 129 10.8
118 220 20.56
65 218 12.4
51 220 13.06
51 110 4.28
143 140 6.23
146 34 17.59
203 246 10.1
162 143 8.56
91 101 3.97
199 143 11.58
57 35 6.69
150 221 7.08
133 220 14.28
204 240 7.51
90 172 20.0
249 14 8.78
125 96 11.28
61 114 5.73
92 6 3.45
197 202 7.69
78 221 11.81
9 239 11.78
155 56 2.95
53 249 12.62
233 187 10.37
117 34 8.01
228 88 9.43
109 111 6.57
138 46 6.95
240 138 10.74
189 82 7.07
52 26 7.74
173 27 6.11
30 109 8.93
13 85 19.71
18 136 5.54
81 107 16.22
92 14 8.47
90 247 9.52
35 81 12.46
14 229 8.41
71 93 10.61
118 154 11.29
44 213 3.1
17 11 6.34
152 76 7.66
66 135 13.31
112 225 7.48
125 43 7.1
115 15 8.7
43 197 10.8
105 186 3.93
37 184 1.53
26 63 12.67
85 220 23.12
205 151 4.95
242 32 6.94
188 2 3.42
151 123 13.21
129 201 11.07
112 156 2.93
121 94 15.57
87 134 11.81
89 177 4.02
65 36 9.3
38 164 7.03
65 93 10.16
65 21 18.58
105 48 7.43
111 199 6.19
224 114 10.48
115 138 10.4
57 208 3.77
182 183 14.45
215 168 6.74
98 152 9.31
149 48 6.89
23 185 2.37
74 237 10.79
124 124 0.28
15 198 1.01
241 206 1.58
48 156 9.13
250 123 9.3
71 157 1.45
98 40 3.87
134 32 8.09
200 210 10.15
172 75 8.27
121 150 12.03
203 66 9.22
66 120 7.48
41 27 2.91
33 110 8.67
117 172 10.05
243 70 13.53
88 91 5.46
166 45 6.95
227 160 9.75
247 44 4.76
99 166 9.93
159 211 7.62
227 55 6.61
117 162 5.51
3 18 10.99
201 84 6.98
94 145 1.34
195 235 14.44
163 86 10.79
136 22 7.51
199 155 4.1
149 26 16.79
228 12 20.02
21 90 27.55
40 126 7.09
184 14 7.36
216 128 17.11
232 211 19.54
17 93 10.03
143 77 11.53
56 9 8.92
35 16 6.34
46 156 9.1
103 216 16.13
225 37 4.66
38 100 3.83
167 44 2.69
224 217 7.42