configuration:

#define SAFIRSTITERATION 400
#define TEMPREDUCE 0.5
#define TEMPFIRST 10000
#define COUNTERMAX 700
#define TABUSIZE 100

time = 0.153343 sec 

the largest set is of size 66 :: 
00000011111
00001101101
00001110110
00010101110
00010111001
00011010101
00011011010
00011100011
00100100111
00100111010
00101001011
00101011100
00101110001
00110001101
00110010011
00110110100
00111000110
00111101000
01000110011
01000111100
01001000111
01001011001
01001101010
01010001011
01010010110
01010100101
01011001100
01011110000
01100001110
01100010101
01100101001
01101010010
01101100100
01110011000
01110100010
01111000001
10000101011
10000110101
10001001110
10001010011
10001111000
10010000111
10010011100
10010110010
10011001001
10011100100
10100010110
10100011001
10100101100
10101000101
10101100010
10110001010
10110100001
10111010000
11000001101
11000011010
11000100110
11001010100
11001100001
11010010001
11010101000
11011000010
11100000011
11100110000
11101001000
11110000100