configuration:

#define SAFIRSTITERATION 20
#define TEMPREDUCE 0.5
#define TEMPFIRST 10000
#define COUNTERMAX 450

time = 12.397 sec

the largest set is of size 214 :: 
00000001101111
00000010111110
00000100111101
00000101110011
00000110101011
00000111010101
00000111100110
00001001011011
00001001110101
00001010010111
00001010101101
00001011100011
00001100001111
00001100110110
00001101011100
00001110111000
00001111001001
00001111010010
00010001010111
00010001111001
00010010110011
00010011011100
00010100101110
00010101011010
00010110010110
00010110100101
00011000100111
00011000111100
00011010011001
00011011000101
00011011001010
00011100010011
00011100101001
00011101110000
00011110001100
00100001110110
00100010011011
00100010110101
00100011000111
00100100100111
00100101001101
00100110011100
00100110110010
00100111101000
00101000011101
00101000110011
00101001001110
00101010100110
00101011110000
00101100011010
00101101010001
00101101100010
00101110000101
00110000011110
00110010001101
00110011100010
00110100011001
00110101000011
00110101100100
00111000001011
00111001010010
00111001100001
00111010010100
00111101001000
00111110100000
01000000110111
01000011001101
01000011010011
01000100111010
01000101101100
01000110000111
01000110110100
01000111001010
01000111100001
01001000101011
01001001100110
01001001111000
01001010011010
01001010110001
01001011010100
01001100011001
01001100100101
01001101000011
01001110100010
01010000011011
01010001001110
01010001100011
01010010010101
01010010100110
01010010101001
01010011110000
01010101001001
01010101010100
01010110011000
01011000001101
01011000010110
01011111000000
01100001011100
01100001101010
01100010010110
01100010100011
01100011100100
01100100010011
01100101110000
01100110001001
01101000000111
01101000110100
01101001001001
01101010001100
01101011000010
01101100101000
01101101000100
01110000100101
01110000111000
01110001010001
01110011001000
01110100001010
01110110000100
01111010000001
01111100010000
10000001011110
10000010100111
10000011101010
10000011110100
10000100011011
10000101100101
10000110001101
10000110110001
10000111000011
10000111011000
10001000111001
10001010110010
10001011000110
10001011010001
10001100100011
10001101001010
10001110100100
10010000011101
10010000101011
10010000110110
10010010101100
10010011001001
10010011010010
10010101010001
10010101101000
10010110100010
10011000011010
10011001010100
10011001100010
10011010100001
10011100000101
10011110010000
10100000001111
10100000111010
10100001010101
10100001101100
10100010101001
10100101010010
10100110000110
10101000010110
10101000100101
10101001000011
10101001011000
10101100110000
10101111000000
10110001001010
10110001110000
10110010000011
10110011000100
10110100010100
10110100100001
10110110001000
10111000001100
10111100000010
11000000101110
11000001001011
11000001110010
11000010111000
11000100010101
11000100101001
11000110010010
11000111000100
11001000011100
11001001000101
11001010000011
11001011100000
11001100000110
11001101010000
11001110001000
11010000000111
11010001011000
11010001100100
11010010001010
11010100001100
11010100110000
11010101000010
11010110000001
11011000010001
11011000101000
11011010000100
11100000011001
11100001000110
11100001100001
11100010000101
11100011010000
11100100100100
11100101001000
11101000100010
11101100000001
11110000010010
11110010100000
11111001000000