configurations :

#define SAFIRSTITERATION 400
#define TEMPREDUCE 0.5
#define TEMPFIRST 10000
#define COUNTERMAX 600
#define TABUSIZE 100

Time taken: 23.219 SEC

the largest set is of size 318 :: --> 320
000000001101111
000000011110110
000000100011111
000000101111100
000000110100111
000000111011010
000001001110011
000001010011110
000001010111001
000001011101100
000001100101011
000001100110110
000001110001101
000001111010001
000010010101011
000010010111100
000010011001101
000010011110001
000010100110101
000010101001110
000010101010011
000010110011001
000010111010100
000010111101000
000011000001111
000011001011001
000011001100101
000011010110010
000011011000011
000011100011100
000011101100010
000011110000110
000100001011110
000100011001011
000100011100101
000100100110011
000100101001101
000100101100110
000100110010110
000100110101010
000101000011011
000101000111100
000101001010101
000101001101001
000101011100010
000101101001010
000101101110000
000101111000100
000110000101101
000110001100011
000110010001110
000110010010101
000110011010010
000110100000111
000110100111000
000110110100001
000111000101010
000111010001001
000111010100100
000111101000001
000111110010000
001000001011101
001000010010111
001000011101010
001000101010110
001000110101001
001000110110100
001001001001110
001001010100011
001001011110000
001001100010011
001001100101100
001001101100001
001001111001000
001010000110110
001010000111001
001010001000111
001010001011010
001010010100101
001010100101010
001010101100100
001010110000011
001011000010101
001011010001100
001011100001001
001011101010000
001011110100000
001100000111010
001100001110100
001100010001101
001100011000110
001100011011000
001100100100101
001100101000011
001100110010001
001101000100110
001101001010010
001101010101000
001101011000001
001101100011000
001101110000010
001110000001011
001110000011100
001110001010001
001110001101000
001110010110000
001110100010010
001110110000100
001111000100001
001111001000100
010000001011011
010000010101110
010000010110101
010000011111000
010000100111001
010000101010101
010000110011100
010000111000110
010001000011101
010001000111010
010001010010011
010001011000101
010001100100101
010001101000011
010001101001100
010001110001010
010001111100000
010010001101100
010010010000111
010010011100010
010010100010110
010010100100011
010010101011000
010010110100100
010011000100110
010011000101001
010011001001010
010011001110000
010011110000001
010100001000111
010100001101010
010100001110001
010100010101001
010100010110010
010100100001011
010100111001000
010101001100100
010101010001100
010101100100010
010110000011010
010110001001001
010110011000100
010110100010001
010110110000010
010111000000011
010111000010100
010111100001000
011000000101011
011000000111100
011000011001100
011000011010001
011000101101000
011000110000101
011000110010010
011001000110001
011001001010100
011001001100010
011001010000110
011001010001001
011010000001101
011010000010011
011010001100001
011010010010100
011010100110000
011010101000010
011010110001000
011011000011000
011011011000000
011011100000100
011100000010110
011100000011001
011100010001010
011100100001100
011100101010000
011100110100000
011101000000101
011101001001000
011110000100010
011110010000001
100000001111010
100000010001111
100000011010101
100000011100011
100000100101110
100000101001011
100000101100101
100000110010011
100000111001100
100001000010111
100001001110100
100001010101010
100001011001001
100001100011001
100001101000110
100001110100001
100010000110011
100010001011100
100010010100110
100010100101001
100010110000101
100011000101100
100011001010010
100011010010100
100011011100000
100011100110000
100011110001000
100100000101011
100100001011001
100100001101100
100100010011010
100100100010101
100100101010010
100100110001001
100100110100100
100101000001101
100101001000011
100101010000110
100101011010000
100101100101000
100110000010110
100110001000101
100110010000011
100110100100010
100110111000000
100111000010001
100111001001000
100111100000100
101000000011110
101000000110101
101000001010011
101000001100110
101000010101100
101000100001101
101000100100011
101000100111000
101000110000110
101000111010000
101001000101001
101001001000101
101001001011000
101001010010001
101001011000010
101001100001010
101010001110000
101010010001001
101010010010010
101010011000100
101010100010100
101010101000001
101011000000011
101100000000111
101100001001010
101100010100001
101100101000100
101101000010100
101101001100000
101101100000001
101110000100100
101110100001000
101111010000000
110000001001101
110000010010110
110000011001010
110000100000111
110000100110010
110000110101000
110000111000001
110001000001011
110001001010001
110001001101000
110001010011000
110001010100100
110001100010100
110010000011001
110010000101010
110010000110100
110010001000011
110010010100001
110010100001100
110010101100000
110010110010000
110011001000100
110011100000010
110100000001110
110100000010011
110100001010100
110100011100000
110100100011000
110100100100001
110101000110000
110101010000001
110101101000000
110110010001000
111000010000011
111000010110000
111000100010001
111000100100100
111001000001100
111001000010010
111001110000000
111010000000110
111010001001000
111011000100000
111100000101000
111100001000001
111100010000100
111100100000010
111110000010000
