configuration:

#define SAFIRSTITERATION 400
#define TEMPREDUCE 0.5
#define TEMPFIRST 10000
#define COUNTERMAX 400
#define TABUSIZE 100

Time taken: 30.464 SEC

the largest set is of size 72 :: 
00000001100111001
00000010010100111
00000011100001110
00000100110010101
00000101101010010
00000110001110001
00001000111000011
00001001001100110
00001010101010100
00001111001001000
00010001110100100
00010011010010001
00010100001001110
00010110110001000
00011001010001010
00011100000010011
00011100101100000
00100000001010111
00100000111001100
00100010100110010
00100100010011010
00100101000110100
00100111100000001
00101000100100101
00101010011100000
00101110000000110
00110000001111000
00110000100001011
00110011001000010
00110100011000001
00111000010010100
01000000011011001
01000010001101010
01000101011100000
01000110100100100
01001011000010010
01001100001000101
01001100100011000
01010000010110010
01010001000011100
01010001101000001
01010010011000100
01011000100000110
01100001110010000
01100010000001101
01100100000100011
01111101000000000
10000000110101010
10000001010010110
10000011001000101
10000100101001001
10000110011000010
10001000000011101
10001011100100000
10001101010000001
10010000111010000
10010010000011010
10010101000100010
10100000010110001
10100011010001000
10101001001010000
10101100000101000
10110100100000100
10111010000000001
11000001000001011
11000010110000001
11000100010001100
11010000000100101
11011000001001000
11100000101100000
11100110000010000
11101000010000010